  <animation id="Root_jnt-anim" name="Root_jnt"><animation><source id="Root_jnt-Matrix-animation-input"><float_array id="Root_jnt-Matrix-animation-input-array" count="85">

0.000000 0.033333 0.066667 0.100000 0.133333 0.166667 0.200000 0.233333 0.266667 0.300000 0.333333 0.366667 0.400000 0.433333 0.466667 0.500000
0.533333 0.566667 0.600000 0.633333 0.666667 0.700000 0.733333 0.766667 0.800000 0.833333 0.866667 0.900000 0.933333 0.966667 1.000000 1.033333
1.066667 1.100000 1.133333 1.166667 1.200000 1.233333 1.266667 1.300000 1.333333 1.366667 1.400000 1.433333 1.466667 1.500000 1.533333 1.566667
1.600000 1.633333 1.666667 1.700000 1.733333 1.766667 1.800000 1.833333 1.866667 1.900000 1.933333 1.966667 2.000000 2.033333 2.066667 2.100000
2.133333 2.166667 2.200000 2.233333 2.266667 2.300000 2.333333 2.366667 2.400000 2.433333 2.466667 2.500000 2.533333 2.566667 2.600000 2.633333
2.666667 2.700000 2.733333 2.766667 2.800000</float_array><technique_common><accessor source="#Root_jnt-Matrix-animation-input-array" count="85"><param name="TIME" type="float"/></accessor></technique_common></source><source id="Root_jnt-Matrix-animation-output-transform"><float_array id="Root_jnt-Matrix-animation-output-transform-array" count="1360">

1.000000 -0.000000 -0.000000 -0.000000 0.000000 1.000000 0.000043 145.153412 -0.000000 -0.000043 1.000000 -88.510986 0.000000 0.000000 0.000000 1.000000
1.000000 -0.000000 -0.000000 -0.000000 0.000000 1.000000 0.000043 145.186340 -0.000000 -0.000043 1.000000 -88.494896 0.000000 0.000000 0.000000 1.000000
1.000000 -0.000000 -0.000000 -0.000000 0.000000 1.000000 0.000043 145.258362 -0.000000 -0.000043 1.000000 -88.458405 0.000000 0.000000 0.000000 1.000000
1.000000 -0.000000 -0.000000 -0.000000 0.000000 1.000000 0.000043 145.359528 -0.000000 -0.000043 1.000000 -88.405167 0.000000 0.000000 0.000000 1.000000
1.000000 -0.000000 -0.000000 -0.000000 0.000000 1.000000 0.000043 145.482407 -0.000000 -0.000043 1.000000 -88.337616 0.000000 0.000000 0.000000 1.000000
1.000000 -0.000000 -0.000000 -0.000000 0.000000 1.000000 0.000043 145.621307 -0.000000 -0.000043 1.000000 -88.257271 0.000000 0.000000 0.000000 1.000000
1.000000 -0.000000 -0.000000 -0.000000 0.000000 1.000000 0.000043 145.771576 -0.000000 -0.000043 1.000000 -88.164948 0.000000 0.000000 0.000000 1.000000
1.000000 -0.000000 -0.000000 -0.000000 0.000000 1.000000 0.000043 145.929016 -0.000000 -0.000043 1.000000 -88.057579 0.000000 0.000000 0.000000 1.000000
1.000000 -0.000000 -0.000000 -0.000000 0.000000 1.000000 0.000043 146.085495 -0.000000 -0.000043 1.000000 -87.936623 0.000000 0.000000 0.000000 1.000000
1.000000 -0.000000 -0.000000 -0.000000 0.000000 1.000000 0.000043 146.232300 -0.000000 -0.000043 1.000000 -87.798561 0.000000 0.000000 0.000000 1.000000
1.000000 -0.000000 -0.000000 -0.000000 0.000000 1.000000 0.000043 146.348770 -0.000000 -0.000043 1.000000 -87.633377 0.000000 0.000000 0.000000 1.000000
1.000000 -0.000000 -0.000000 -0.000000 0.000000 1.000000 0.000043 146.399017 -0.000000 -0.000043 1.000000 -87.404251 0.000000 0.000000 0.000000 1.000000
1.000000 -0.000000 -0.000000 -0.000000 0.000000 1.000000 0.000043 146.328979 -0.000000 -0.000043 1.000000 -87.027214 0.000000 0.000000 0.000000 1.000000
1.000000 -0.000000 -0.000000 -0.000000 0.000000 1.000000 0.000043 146.067017 -0.000000 -0.000043 1.000000 -86.451912 0.000000 0.000000 0.000000 1.000000
1.000000 -0.000000 -0.000000 -0.000000 0.000000 1.000000 0.000043 145.823120 -0.000000 -0.000043 1.000000 -86.175133 0.000000 0.000000 0.000000 1.000000
1.000000 -0.000000 -0.000000 -0.000000 0.000000 1.000000 0.000043 145.617661 -0.000000 -0.000043 1.000000 -86.101135 0.000000 0.000000 0.000000 1.000000
1.000000 -0.000000 -0.000000 -0.000000 0.000000 1.000000 0.000043 145.434219 -0.000000 -0.000043 1.000000 -86.119720 0.000000 0.000000 0.000000 1.000000
1.000000 -0.000000 -0.000000 -0.000000 0.000000 1.000000 0.000043 145.252182 -0.000000 -0.000043 1.000000 -86.151863 0.000000 0.000000 0.000000 1.000000
1.000000 -0.000000 -0.000000 -0.000000 0.000000 1.000000 0.000043 145.079514 -0.000000 -0.000043 1.000000 -86.195427 0.000000 0.000000 0.000000 1.000000
1.000000 -0.000000 -0.000000 -0.000000 0.000000 1.000000 0.000043 144.925018 -0.000000 -0.000043 1.000000 -86.251808 0.000000 0.000000 0.000000 1.000000
1.000000 -0.000000 -0.000000 -0.000000 0.000000 1.000000 0.000043 144.788406 -0.000000 -0.000043 1.000000 -86.317986 0.000000 0.000000 0.000000 1.000000
1.000000 -0.000000 -0.000000 -0.000000 0.000000 1.000000 0.000043 144.671722 -0.000000 -0.000043 1.000000 -86.393890 0.000000 0.000000 0.000000 1.000000
1.000000 -0.000000 -0.000000 -0.000000 0.000000 1.000000 0.000043 144.577194 -0.000000 -0.000043 1.000000 -86.482887 0.000000 0.000000 0.000000 1.000000
1.000000 -0.000000 -0.000000 -0.000000 0.000000 1.000000 0.000043 144.504654 -0.000000 -0.000043 1.000000 -86.587906 0.000000 0.000000 0.000000 1.000000
1.000000 -0.000000 -0.000000 -0.000000 0.000000 1.000000 0.000043 144.448868 -0.000000 -0.000043 1.000000 -86.707443 0.000000 0.000000 0.000000 1.000000
1.000000 -0.000000 -0.000000 -0.000000 0.000000 1.000000 0.000043 144.406006 -0.000000 -0.000043 1.000000 -86.836555 0.000000 0.000000 0.000000 1.000000
1.000000 -0.000000 -0.000000 -0.000000 0.000000 1.000000 0.000043 144.370438 -0.000000 -0.000043 1.000000 -86.969864 0.000000 0.000000 0.000000 1.000000
1.000000 -0.000000 -0.000000 -0.000000 0.000000 1.000000 0.000043 144.340897 -0.000000 -0.000043 1.000000 -87.105667 0.000000 0.000000 0.000000 1.000000
1.000000 -0.000000 -0.000000 -0.000000 0.000000 1.000000 0.000043 144.316467 -0.000000 -0.000043 1.000000 -87.242516 0.000000 0.000000 0.000000 1.000000
1.000000 -0.000000 -0.000000 -0.000000 0.000000 1.000000 0.000043 144.296478 -0.000000 -0.000043 1.000000 -87.379089 0.000000 0.000000 0.000000 1.000000
1.000000 -0.000000 -0.000000 -0.000000 0.000000 1.000000 0.000043 144.280441 -0.000000 -0.000043 1.000000 -87.514084 0.000000 0.000000 0.000000 1.000000
1.000000 -0.000000 -0.000000 -0.000000 0.000000 1.000000 0.000043 144.268890 -0.000000 -0.000043 1.000000 -87.644569 0.000000 0.000000 0.000000 1.000000
1.000000 -0.000000 -0.000000 -0.000000 0.000000 1.000000 0.000043 144.260834 -0.000000 -0.000043 1.000000 -87.768539 0.000000 0.000000 0.000000 1.000000
1.000000 -0.000000 -0.000000 -0.000000 0.000000 1.000000 0.000043 144.256409 -0.000000 -0.000043 1.000000 -87.882103 0.000000 0.000000 0.000000 1.000000
1.000000 -0.000000 -0.000000 -0.000000 0.000000 1.000000 0.000043 144.264481 -0.000000 -0.000043 1.000000 -87.986229 0.000000 0.000000 0.000000 1.000000
1.000000 -0.000000 -0.000000 -0.000000 0.000000 1.000000 0.000043 144.298447 -0.000000 -0.000043 1.000000 -88.085175 0.000000 0.000000 0.000000 1.000000
1.000000 -0.000000 -0.000000 -0.000000 0.000000 1.000000 0.000043 144.372162 -0.000000 -0.000043 1.000000 -88.184944 0.000000 0.000000 0.000000 1.000000
1.000000 -0.000000 -0.000000 -0.000000 0.000000 1.000000 0.000043 144.491058 -0.000000 -0.000043 1.000000 -88.278770 0.000000 0.000000 0.000000 1.000000
1.000000 -0.000000 -0.000000 -0.000000 0.000000 1.000000 0.000043 144.632843 -0.000000 -0.000043 1.000000 -88.360672 0.000000 0.000000 0.000000 1.000000
1.000000 -0.000000 -0.000000 -0.000000 0.000000 1.000000 0.000043 144.782486 -0.000000 -0.000043 1.000000 -88.426300 0.000000 0.000000 0.000000 1.000000
1.000000 -0.000000 -0.000000 -0.000000 0.000000 1.000000 0.000043 144.926071 -0.000000 -0.000043 1.000000 -88.473282 0.000000 0.000000 0.000000 1.000000
1.000000 -0.000000 -0.000000 -0.000000 0.000000 1.000000 0.000043 145.052200 -0.000000 -0.000043 1.000000 -88.501083 0.000000 0.000000 0.000000 1.000000
1.000000 -0.000000 -0.000000 -0.000000 0.000000 1.000000 0.000043 145.153412 -0.000000 -0.000043 1.000000 -88.510986 0.000000 0.000000 0.000000 1.000000
1.000000 -0.000000 -0.000000 -0.000000 0.000000 1.000000 0.000043 145.238586 -0.000000 -0.000043 1.000000 -88.510986 0.000000 0.000000 0.000000 1.000000
1.000000 -0.000000 -0.000000 -0.000000 0.000000 1.000000 0.000043 145.323776 -0.000000 -0.000043 1.000000 -88.510986 0.000000 0.000000 0.000000 1.000000
1.000000 -0.000000 -0.000000 -0.000000 0.000000 1.000000 0.000043 145.407440 -0.000000 -0.000043 1.000000 -88.510986 0.000000 0.000000 0.000000 1.000000
1.000000 -0.000000 -0.000000 -0.000000 0.000000 1.000000 0.000043 145.488297 -0.000000 -0.000043 1.000000 -88.510986 0.000000 0.000000 0.000000 1.000000
1.000000 -0.000000 -0.000000 -0.000000 0.000000 1.000000 0.000043 145.565247 -0.000000 -0.000043 1.000000 -88.510986 0.000000 0.000000 0.000000 1.000000
1.000000 -0.000000 -0.000000 -0.000000 0.000000 1.000000 0.000043 145.637238 -0.000000 -0.000043 1.000000 -88.510986 0.000000 0.000000 0.000000 1.000000
1.000000 -0.000000 -0.000000 -0.000000 0.000000 1.000000 0.000043 145.701385 -0.000000 -0.000043 1.000000 -88.510986 0.000000 0.000000 0.000000 1.000000
1.000000 -0.000000 -0.000000 -0.000000 0.000000 1.000000 0.000043 145.757782 -0.000000 -0.000043 1.000000 -88.510986 0.000000 0.000000 0.000000 1.000000
1.000000 -0.000000 -0.000000 -0.000000 0.000000 1.000000 0.000043 145.805161 -0.000000 -0.000043 1.000000 -88.510986 0.000000 0.000000 0.000000 1.000000
1.000000 -0.000000 -0.000000 -0.000000 0.000000 1.000000 0.000043 145.842041 -0.000000 -0.000043 1.000000 -88.510986 0.000000 0.000000 0.000000 1.000000
1.000000 -0.000000 -0.000000 -0.000000 0.000000 1.000000 0.000043 145.866699 -0.000000 -0.000043 1.000000 -88.510986 0.000000 0.000000 0.000000 1.000000
1.000000 -0.000000 -0.000000 -0.000000 0.000000 1.000000 0.000043 145.877060 -0.000000 -0.000043 1.000000 -88.510986 0.000000 0.000000 0.000000 1.000000
1.000000 -0.000000 -0.000000 -0.000000 0.000000 1.000000 0.000043 145.820770 -0.000000 -0.000043 1.000000 -88.510986 0.000000 0.000000 0.000000 1.000000
1.000000 -0.000000 -0.000000 -0.000000 0.000000 1.000000 0.000043 145.688309 -0.000000 -0.000043 1.000000 -88.510986 0.000000 0.000000 0.000000 1.000000
1.000000 -0.000000 -0.000000 -0.000000 0.000000 1.000000 0.000043 145.494354 -0.000000 -0.000043 1.000000 -88.510986 0.000000 0.000000 0.000000 1.000000
1.000000 -0.000000 -0.000000 -0.000000 0.000000 1.000000 0.000043 145.253052 -0.000000 -0.000043 1.000000 -88.510986 0.000000 0.000000 0.000000 1.000000
1.000000 -0.000000 -0.000000 -0.000000 0.000000 1.000000 0.000043 144.978149 -0.000000 -0.000043 1.000000 -88.510986 0.000000 0.000000 0.000000 1.000000
1.000000 -0.000000 -0.000000 -0.000000 0.000000 1.000000 0.000043 144.683075 -0.000000 -0.000043 1.000000 -88.510986 0.000000 0.000000 0.000000 1.000000
1.000000 -0.000000 -0.000000 -0.000000 0.000000 1.000000 0.000043 144.385193 -0.000000 -0.000043 1.000000 -88.510986 0.000000 0.000000 0.000000 1.000000
1.000000 -0.000000 -0.000000 -0.000000 0.000000 1.000000 0.000043 144.103439 -0.000000 -0.000043 1.000000 -88.510986 0.000000 0.000000 0.000000 1.000000
1.000000 -0.000000 -0.000000 -0.000000 0.000000 1.000000 0.000043 143.852402 -0.000000 -0.000043 1.000000 -88.510986 0.000000 0.000000 0.000000 1.000000
1.000000 -0.000000 -0.000000 -0.000000 0.000000 1.000000 0.000043 143.647568 -0.000000 -0.000043 1.000000 -88.510986 0.000000 0.000000 0.000000 1.000000
1.000000 -0.000000 -0.000000 -0.000000 0.000000 1.000000 0.000043 143.505493 -0.000000 -0.000043 1.000000 -88.510986 0.000000 0.000000 0.000000 1.000000
1.000000 -0.000000 -0.000000 -0.000000 0.000000 1.000000 0.000043 143.444061 -0.000000 -0.000043 1.000000 -88.510986 0.000000 0.000000 0.000000 1.000000
1.000000 -0.000000 -0.000000 -0.000000 0.000000 1.000000 0.000043 143.477142 -0.000000 -0.000043 1.000000 -88.510986 0.000000 0.000000 0.000000 1.000000
1.000000 -0.000000 -0.000000 -0.000000 0.000000 1.000000 0.000043 143.555084 -0.000000 -0.000043 1.000000 -88.510986 0.000000 0.000000 0.000000 1.000000
1.000000 -0.000000 -0.000000 -0.000000 0.000000 1.000000 0.000043 143.670029 -0.000000 -0.000043 1.000000 -88.510986 0.000000 0.000000 0.000000 1.000000
1.000000 -0.000000 -0.000000 -0.000000 0.000000 1.000000 0.000043 143.814651 -0.000000 -0.000043 1.000000 -88.510986 0.000000 0.000000 0.000000 1.000000
1.000000 -0.000000 -0.000000 -0.000000 0.000000 1.000000 0.000043 143.982025 -0.000000 -0.000043 1.000000 -88.510986 0.000000 0.000000 0.000000 1.000000
1.000000 -0.000000 -0.000000 -0.000000 0.000000 1.000000 0.000043 144.165436 -0.000000 -0.000043 1.000000 -88.510986 0.000000 0.000000 0.000000 1.000000
1.000000 -0.000000 -0.000000 -0.000000 0.000000 1.000000 0.000043 144.357117 -0.000000 -0.000043 1.000000 -88.510986 0.000000 0.000000 0.000000 1.000000
1.000000 -0.000000 -0.000000 -0.000000 0.000000 1.000000 0.000043 144.544434 -0.000000 -0.000043 1.000000 -88.510986 0.000000 0.000000 0.000000 1.000000
1.000000 -0.000000 -0.000000 -0.000000 0.000000 1.000000 0.000043 144.716522 -0.000000 -0.000043 1.000000 -88.510986 0.000000 0.000000 0.000000 1.000000
1.000000 -0.000000 -0.000000 -0.000000 0.000000 1.000000 0.000043 144.858871 -0.000000 -0.000043 1.000000 -88.510986 0.000000 0.000000 0.000000 1.000000
1.000000 -0.000000 -0.000000 -0.000000 0.000000 1.000000 0.000043 144.961472 -0.000000 -0.000043 1.000000 -88.510986 0.000000 0.000000 0.000000 1.000000
1.000000 -0.000000 -0.000000 -0.000000 0.000000 1.000000 0.000043 145.027115 -0.000000 -0.000043 1.000000 -88.510986 0.000000 0.000000 0.000000 1.000000
1.000000 -0.000000 -0.000000 -0.000000 0.000000 1.000000 0.000043 145.076660 -0.000000 -0.000043 1.000000 -88.510986 0.000000 0.000000 0.000000 1.000000
1.000000 -0.000000 -0.000000 -0.000000 0.000000 1.000000 0.000043 145.112579 -0.000000 -0.000043 1.000000 -88.510986 0.000000 0.000000 0.000000 1.000000
1.000000 -0.000000 -0.000000 -0.000000 0.000000 1.000000 0.000043 145.135773 -0.000000 -0.000043 1.000000 -88.510986 0.000000 0.000000 0.000000 1.000000
1.000000 -0.000000 -0.000000 -0.000000 0.000000 1.000000 0.000043 145.148209 -0.000000 -0.000043 1.000000 -88.510986 0.000000 0.000000 0.000000 1.000000
1.000000 -0.000000 -0.000000 -0.000000 0.000000 1.000000 0.000043 145.152878 -0.000000 -0.000043 1.000000 -88.510986 0.000000 0.000000 0.000000 1.000000
1.000000 -0.000000 -0.000000 -0.000000 0.000000 1.000000 0.000043 145.153412 -0.000000 -0.000043 1.000000 -88.510986 0.000000 0.000000 0.000000 1.000000</float_array><technique_common><accessor source="#Root_jnt-Matrix-animation-output-transform-array" count="85" stride="16"><param type="float4x4"/></accessor></technique_common></source><source id="Root_jnt-Interpolations"><Name_array id="Root_jnt-Interpolations-array" count="85">
LINEAR LINEAR LINEAR LINEAR LINEAR LINEAR LINEAR LINEAR LINEAR LINEAR LINEAR
LINEAR LINEAR LINEAR LINEAR LINEAR LINEAR LINEAR LINEAR LINEAR LINEAR LINEAR LINEAR
LINEAR LINEAR LINEAR LINEAR LINEAR LINEAR LINEAR LINEAR LINEAR LINEAR LINEAR LINEAR
LINEAR LINEAR LINEAR LINEAR LINEAR LINEAR LINEAR LINEAR LINEAR LINEAR LINEAR LINEAR
LINEAR LINEAR LINEAR LINEAR LINEAR LINEAR LINEAR LINEAR LINEAR LINEAR LINEAR LINEAR
LINEAR LINEAR LINEAR LINEAR LINEAR LINEAR LINEAR LINEAR LINEAR LINEAR LINEAR LINEAR
LINEAR LINEAR LINEAR LINEAR LINEAR LINEAR LINEAR LINEAR LINEAR LINEAR LINEAR LINEAR
LINEAR LINEAR</Name_array><technique_common><accessor source="#Root_jnt-Interpolations-array" count="85"><param type="name"/></accessor></technique_common></source><sampler id="Root_jnt-Matrix-animation-transform"><input semantic="INPUT" source="#Root_jnt-Matrix-animation-input"/><input semantic="OUTPUT" source="#Root_jnt-Matrix-animation-output-transform"/><input semantic="INTERPOLATION" source="#Root_jnt-Interpolations"/></sampler><channel source="#Root_jnt-Matrix-animation-transform" target="Root_jnt/matrix"/></animation></animation>
  <animation id="Spine_00_jnt-anim" name="Spine_00_jnt"><animation><source id="Spine_00_jnt-Matrix-animation-input"><float_array id="Spine_00_jnt-Matrix-animation-input-array" count="85">

0.000000 0.033333 0.066667 0.100000 0.133333 0.166667 0.200000 0.233333 0.266667 0.300000 0.333333 0.366667 0.400000 0.433333 0.466667 0.500000
0.533333 0.566667 0.600000 0.633333 0.666667 0.700000 0.733333 0.766667 0.800000 0.833333 0.866667 0.900000 0.933333 0.966667 1.000000 1.033333
1.066667 1.100000 1.133333 1.166667 1.200000 1.233333 1.266667 1.300000 1.333333 1.366667 1.400000 1.433333 1.466667 1.500000 1.533333 1.566667
1.600000 1.633333 1.666667 1.700000 1.733333 1.766667 1.800000 1.833333 1.866667 1.900000 1.933333 1.966667 2.000000 2.033333 2.066667 2.100000
2.133333 2.166667 2.200000 2.233333 2.266667 2.300000 2.333333 2.366667 2.400000 2.433333 2.466667 2.500000 2.533333 2.566667 2.600000 2.633333
2.666667 2.700000 2.733333 2.766667 2.800000</float_array><technique_common><accessor source="#Spine_00_jnt-Matrix-animation-input-array" count="85"><param name="TIME" type="float"/></accessor></technique_common></source><source id="Spine_00_jnt-Matrix-animation-output-transform"><float_array id="Spine_00_jnt-Matrix-animation-output-transform-array" count="1360">

1.000000 0.000000 0.000000 -0.000000 0.000000 -0.985942 -0.167086 -0.033369 -0.000000 0.167086 -0.985942 0.200068 0.000000 0.000000 0.000000 1.000000
1.000000 0.000000 0.000000 -0.000000 0.000000 -0.985942 -0.167086 -0.033369 -0.000000 0.167086 -0.985942 0.200068 0.000000 0.000000 0.000000 1.000000
1.000000 0.000000 0.000000 -0.000000 0.000000 -0.985942 -0.167086 -0.033369 -0.000000 0.167086 -0.985942 0.200068 0.000000 0.000000 0.000000 1.000000
1.000000 0.000000 0.000000 -0.000000 0.000000 -0.985942 -0.167086 -0.033369 -0.000000 0.167086 -0.985942 0.200068 0.000000 0.000000 0.000000 1.000000
1.000000 0.000000 0.000000 -0.000000 0.000000 -0.985942 -0.167086 -0.033369 -0.000000 0.167086 -0.985942 0.200068 0.000000 0.000000 0.000000 1.000000
1.000000 0.000000 0.000000 -0.000000 0.000000 -0.985942 -0.167086 -0.033369 -0.000000 0.167086 -0.985942 0.200068 0.000000 0.000000 0.000000 1.000000
1.000000 0.000000 0.000000 -0.000000 0.000000 -0.985942 -0.167086 -0.033369 -0.000000 0.167086 -0.985942 0.200068 0.000000 0.000000 0.000000 1.000000
1.000000 0.000000 0.000000 -0.000000 0.000000 -0.985942 -0.167086 -0.033369 -0.000000 0.167086 -0.985942 0.200068 0.000000 0.000000 0.000000 1.000000
1.000000 0.000000 0.000000 -0.000000 0.000000 -0.985942 -0.167086 -0.033369 -0.000000 0.167086 -0.985942 0.200068 0.000000 0.000000 0.000000 1.000000
1.000000 0.000000 0.000000 -0.000000 0.000000 -0.985942 -0.167086 -0.033369 -0.000000 0.167086 -0.985942 0.200068 0.000000 0.000000 0.000000 1.000000
1.000000 0.000000 0.000000 -0.000000 0.000000 -0.985942 -0.167086 -0.033369 -0.000000 0.167086 -0.985942 0.200068 0.000000 0.000000 0.000000 1.000000
1.000000 0.000000 0.000000 -0.000000 0.000000 -0.985942 -0.167086 -0.033369 -0.000000 0.167086 -0.985942 0.200068 0.000000 0.000000 0.000000 1.000000
1.000000 0.000000 0.000000 -0.000000 0.000000 -0.985942 -0.167086 -0.033369 -0.000000 0.167086 -0.985942 0.200068 0.000000 0.000000 0.000000 1.000000
1.000000 0.000000 0.000000 -0.000000 0.000000 -0.985942 -0.167086 -0.033369 -0.000000 0.167086 -0.985942 0.200068 0.000000 0.000000 0.000000 1.000000
1.000000 0.000000 0.000000 -0.000000 0.000000 -0.985942 -0.167086 -0.033369 -0.000000 0.167086 -0.985942 0.200068 0.000000 0.000000 0.000000 1.000000
1.000000 0.000000 0.000000 -0.000000 0.000000 -0.985942 -0.167086 -0.033369 -0.000000 0.167086 -0.985942 0.200068 0.000000 0.000000 0.000000 1.000000
1.000000 0.000000 0.000000 -0.000000 0.000000 -0.985942 -0.167086 -0.033369 -0.000000 0.167086 -0.985942 0.200068 0.000000 0.000000 0.000000 1.000000
1.000000 0.000000 0.000000 -0.000000 0.000000 -0.985942 -0.167086 -0.033369 -0.000000 0.167086 -0.985942 0.200068 0.000000 0.000000 0.000000 1.000000
1.000000 0.000000 0.000000 -0.000000 0.000000 -0.985942 -0.167086 -0.033369 -0.000000 0.167086 -0.985942 0.200068 0.000000 0.000000 0.000000 1.000000
1.000000 0.000000 0.000000 -0.000000 0.000000 -0.985942 -0.167086 -0.033369 -0.000000 0.167086 -0.985942 0.200068 0.000000 0.000000 0.000000 1.000000
1.000000 0.000000 0.000000 -0.000000 0.000000 -0.985942 -0.167086 -0.033369 -0.000000 0.167086 -0.985942 0.200068 0.000000 0.000000 0.000000 1.000000
1.000000 0.000000 0.000000 -0.000000 0.000000 -0.985942 -0.167086 -0.033369 -0.000000 0.167086 -0.985942 0.200068 0.000000 0.000000 0.000000 1.000000
0.999999 -0.000167 0.000987 -0.000290 0.000000 -0.985945 -0.167069 -0.033373 0.001001 0.167069 -0.985945 0.200068 0.000000 0.000000 0.000000 1.000000
0.999990 -0.000749 0.004422 -0.001299 0.000000 -0.985955 -0.167012 -0.033390 0.004485 0.167011 -0.985945 0.200065 0.000000 0.000000 0.000000 1.000000
0.999929 -0.001984 0.011723 -0.003444 0.000000 -0.985975 -0.166892 -0.033426 0.011890 0.166880 -0.985906 0.200052 0.000000 0.000000 0.000000 1.000000
0.999714 -0.003985 0.023572 -0.006926 0.000000 -0.986008 -0.166696 -0.033483 0.023906 0.166648 -0.985727 0.199991 0.000000 0.000000 0.000000 1.000000
0.999232 -0.006523 0.038645 -0.011354 0.000000 -0.986050 -0.166447 -0.033556 0.039192 0.166319 -0.985293 0.199849 0.000000 0.000000 0.000000 1.000000
0.998361 -0.009510 0.056439 -0.016581 0.000000 -0.986100 -0.166152 -0.033643 0.057234 0.165880 -0.984484 0.199597 0.000000 0.000000 0.000000 1.000000
0.997004 -0.012827 0.076281 -0.022410 0.000000 -0.986155 -0.165824 -0.033739 0.077352 0.165327 -0.983201 0.199210 0.000000 0.000000 0.000000 1.000000
0.995120 -0.016328 0.097314 -0.028589 0.000000 -0.986214 -0.165475 -0.033842 0.098675 0.164667 -0.981401 0.198680 0.000000 0.000000 0.000000 1.000000
0.992759 -0.019836 0.118478 -0.034807 0.000000 -0.986273 -0.165123 -0.033945 0.120127 0.163927 -0.979131 0.198018 0.000000 0.000000 0.000000 1.000000
0.990238 -0.022971 0.137478 -0.040386 0.000000 -0.986326 -0.164806 -0.034038 0.139384 0.163197 -0.976698 0.197285 0.000000 0.000000 0.000000 1.000000
0.987991 -0.025426 0.152408 -0.044771 0.000000 -0.986368 -0.164557 -0.034111 0.154514 0.162581 -0.974522 0.196641 0.000000 0.000000 0.000000 1.000000
0.986550 -0.026874 0.161236 -0.047365 0.000000 -0.986392 -0.164409 -0.034155 0.163460 0.162198 -0.973125 0.196235 0.000000 0.000000 0.000000 1.000000
0.986172 -0.027245 0.163470 -0.048022 0.000000 -0.986394 -0.164401 -0.034157 0.165725 0.162127 -0.972754 0.196127 0.000000 0.000000 0.000000 1.000000
0.986823 -0.026628 0.159596 -0.046884 0.000000 -0.986365 -0.164570 -0.034108 0.161802 0.162402 -0.973368 0.196309 0.000000 0.000000 0.000000 1.000000
0.988286 -0.025175 0.150525 -0.044221 0.000000 -0.986301 -0.164957 -0.033994 0.152616 0.163024 -0.974747 0.196726 0.000000 0.000000 0.000000 1.000000
0.990544 -0.022714 0.135305 -0.039751 0.000000 -0.986201 -0.165554 -0.033818 0.137198 0.163989 -0.976875 0.197359 0.000000 0.000000 0.000000 1.000000
0.992666 -0.020082 0.119208 -0.035023 0.000000 -0.986105 -0.166121 -0.033652 0.120888 0.164903 -0.978873 0.197954 0.000000 0.000000 0.000000 1.000000
0.994356 -0.017672 0.104615 -0.030737 0.000000 -0.986030 -0.166567 -0.033521 0.106097 0.165627 -0.980465 0.198436 0.000000 0.000000 0.000000 1.000000
0.995588 -0.015657 0.092515 -0.027183 0.000000 -0.985980 -0.166866 -0.033433 0.093831 0.166130 -0.981630 0.198791 0.000000 0.000000 0.000000 1.000000
0.996452 -0.014058 0.082981 -0.024382 0.000000 -0.985952 -0.167030 -0.033385 0.084163 0.166437 -0.982454 0.199040 0.000000 0.000000 0.000000 1.000000
0.997053 -0.012819 0.075641 -0.022226 0.000000 -0.985942 -0.167086 -0.033369 0.076719 0.166593 -0.983037 0.199214 0.000000 0.000000 0.000000 1.000000
0.997437 -0.011955 0.070544 -0.020728 0.000000 -0.985942 -0.167086 -0.033369 0.071550 0.166657 -0.983415 0.199325 0.000000 0.000000 0.000000 1.000000
0.997735 -0.011238 0.066316 -0.019486 0.000000 -0.985942 -0.167086 -0.033369 0.067262 0.166707 -0.983710 0.199411 0.000000 0.000000 0.000000 1.000000
0.997981 -0.010611 0.062615 -0.018398 0.000000 -0.985942 -0.167086 -0.033369 0.063508 0.166748 -0.983952 0.199483 0.000000 0.000000 0.000000 1.000000
0.998193 -0.010041 0.059250 -0.017409 0.000000 -0.985942 -0.167086 -0.033369 0.060095 0.166784 -0.984161 0.199544 0.000000 0.000000 0.000000 1.000000
0.998378 -0.009512 0.056126 -0.016492 0.000000 -0.985942 -0.167086 -0.033369 0.056927 0.166815 -0.984344 0.199598 0.000000 0.000000 0.000000 1.000000
0.998544 -0.009014 0.053190 -0.015629 0.000000 -0.985942 -0.167086 -0.033369 0.053948 0.166842 -0.984507 0.199646 0.000000 0.000000 0.000000 1.000000
0.998691 -0.008547 0.050435 -0.014819 0.000000 -0.985942 -0.167086 -0.033369 0.051154 0.166867 -0.984652 0.199689 0.000000 0.000000 0.000000 1.000000
0.998824 -0.008100 0.047798 -0.014045 0.000000 -0.985942 -0.167086 -0.033369 0.048479 0.166889 -0.984783 0.199727 0.000000 0.000000 0.000000 1.000000
0.998946 -0.007671 0.045266 -0.013301 0.000000 -0.985942 -0.167086 -0.033369 0.045911 0.166909 -0.984903 0.199762 0.000000 0.000000 0.000000 1.000000
0.999056 -0.007258 0.042828 -0.012584 0.000000 -0.985942 -0.167086 -0.033369 0.043439 0.166928 -0.985012 0.199794 0.000000 0.000000 0.000000 1.000000
0.999157 -0.006859 0.040476 -0.011893 0.000000 -0.985942 -0.167086 -0.033369 0.041053 0.166945 -0.985111 0.199824 0.000000 0.000000 0.000000 1.000000
0.999249 -0.006474 0.038202 -0.011225 0.000000 -0.985942 -0.167086 -0.033369 0.038747 0.166960 -0.985202 0.199851 0.000000 0.000000 0.000000 1.000000
0.999333 -0.006104 0.036018 -0.010583 0.000000 -0.985942 -0.167086 -0.033369 0.036531 0.166974 -0.985284 0.199875 0.000000 0.000000 0.000000 1.000000
0.999409 -0.005745 0.033900 -0.009961 0.000000 -0.985942 -0.167086 -0.033369 0.034383 0.166987 -0.985359 0.199897 0.000000 0.000000 0.000000 1.000000
0.999478 -0.005397 0.031845 -0.009357 0.000000 -0.985942 -0.167086 -0.033369 0.032299 0.166998 -0.985428 0.199917 0.000000 0.000000 0.000000 1.000000
0.999542 -0.005059 0.029850 -0.008771 0.000000 -0.985942 -0.167086 -0.033369 0.030276 0.167009 -0.985490 0.199935 0.000000 0.000000 0.000000 1.000000
0.999599 -0.004731 0.027915 -0.008202 0.000000 -0.985942 -0.167086 -0.033369 0.028313 0.167019 -0.985547 0.199952 0.000000 0.000000 0.000000 1.000000
0.999651 -0.004412 0.026036 -0.007650 0.000000 -0.985942 -0.167086 -0.033369 0.026407 0.167027 -0.985599 0.199967 0.000000 0.000000 0.000000 1.000000
0.999698 -0.004105 0.024226 -0.007118 0.000000 -0.985942 -0.167086 -0.033369 0.024571 0.167035 -0.985645 0.199980 0.000000 0.000000 0.000000 1.000000
0.999740 -0.003808 0.022470 -0.006602 0.000000 -0.985942 -0.167086 -0.033369 0.022790 0.167042 -0.985686 0.199993 0.000000 0.000000 0.000000 1.000000
0.999778 -0.003519 0.020768 -0.006102 0.000000 -0.985942 -0.167086 -0.033369 0.021064 0.167048 -0.985724 0.200004 0.000000 0.000000 0.000000 1.000000
0.999812 -0.003240 0.019118 -0.005618 0.000000 -0.985942 -0.167086 -0.033369 0.019391 0.167054 -0.985757 0.200013 0.000000 0.000000 0.000000 1.000000
0.999842 -0.002969 0.017522 -0.005148 0.000000 -0.985942 -0.167086 -0.033369 0.017772 0.167059 -0.985787 0.200022 0.000000 0.000000 0.000000 1.000000
0.999869 -0.002708 0.015979 -0.004695 0.000000 -0.985942 -0.167086 -0.033369 0.016206 0.167064 -0.985813 0.200030 0.000000 0.000000 0.000000 1.000000
0.999892 -0.002458 0.014502 -0.004261 0.000000 -0.985942 -0.167086 -0.033369 0.014709 0.167067 -0.985836 0.200037 0.000000 0.000000 0.000000 1.000000
0.999912 -0.002217 0.013081 -0.003844 0.000000 -0.985942 -0.167086 -0.033369 0.013267 0.167071 -0.985856 0.200042 0.000000 0.000000 0.000000 1.000000
0.999929 -0.001985 0.011715 -0.003442 0.000000 -0.985942 -0.167086 -0.033369 0.011882 0.167074 -0.985873 0.200048 0.000000 0.000000 0.000000 1.000000
0.999944 -0.001763 0.010405 -0.003057 0.000000 -0.985942 -0.167086 -0.033369 0.010553 0.167076 -0.985888 0.200052 0.000000 0.000000 0.000000 1.000000
0.999957 -0.001551 0.009153 -0.002689 0.000000 -0.985942 -0.167086 -0.033369 0.009284 0.167078 -0.985900 0.200056 0.000000 0.000000 0.000000 1.000000
0.999967 -0.001349 0.007961 -0.002339 0.000000 -0.985942 -0.167086 -0.033369 0.008074 0.167080 -0.985910 0.200059 0.000000 0.000000 0.000000 1.000000
0.999976 -0.001160 0.006846 -0.002012 0.000000 -0.985942 -0.167086 -0.033369 0.006944 0.167081 -0.985919 0.200061 0.000000 0.000000 0.000000 1.000000
0.999983 -0.000982 0.005797 -0.001703 0.000000 -0.985942 -0.167086 -0.033369 0.005879 0.167083 -0.985925 0.200063 0.000000 0.000000 0.000000 1.000000
0.999988 -0.000816 0.004815 -0.001415 0.000000 -0.985942 -0.167086 -0.033369 0.004884 0.167084 -0.985931 0.200065 0.000000 0.000000 0.000000 1.000000
0.999992 -0.000662 0.003905 -0.001147 0.000000 -0.985942 -0.167086 -0.033369 0.003961 0.167084 -0.985935 0.200066 0.000000 0.000000 0.000000 1.000000
0.999995 -0.000520 0.003070 -0.000902 0.000000 -0.985942 -0.167086 -0.033369 0.003114 0.167085 -0.985938 0.200067 0.000000 0.000000 0.000000 1.000000
0.999997 -0.000392 0.002314 -0.000680 0.000000 -0.985942 -0.167086 -0.033369 0.002347 0.167085 -0.985940 0.200067 0.000000 0.000000 0.000000 1.000000
0.999999 -0.000282 0.001665 -0.000489 0.000000 -0.985942 -0.167086 -0.033369 0.001689 0.167085 -0.985941 0.200067 0.000000 0.000000 0.000000 1.000000
0.999999 -0.000188 0.001110 -0.000326 0.000000 -0.985942 -0.167086 -0.033369 0.001126 0.167085 -0.985942 0.200067 0.000000 0.000000 0.000000 1.000000
1.000000 -0.000111 0.000657 -0.000193 0.000000 -0.985942 -0.167086 -0.033369 0.000666 0.167085 -0.985942 0.200067 0.000000 0.000000 0.000000 1.000000
1.000000 -0.000053 0.000314 -0.000092 0.000000 -0.985942 -0.167086 -0.033369 0.000318 0.167086 -0.985942 0.200067 0.000000 0.000000 0.000000 1.000000
1.000000 -0.000015 0.000091 -0.000027 0.000000 -0.985942 -0.167086 -0.033369 0.000092 0.167086 -0.985942 0.200067 0.000000 0.000000 0.000000 1.000000
1.000000 0.000000 0.000000 -0.000000 0.000000 -0.985942 -0.167086 -0.033369 -0.000000 0.167086 -0.985942 0.200067 0.000000 0.000000 0.000000 1.000000</float_array><technique_common><accessor source="#Spine_00_jnt-Matrix-animation-output-transform-array" count="85" stride="16"><param type="float4x4"/></accessor></technique_common></source><source id="Spine_00_jnt-Interpolations"><Name_array id="Spine_00_jnt-Interpolations-array" count="85">
LINEAR LINEAR LINEAR LINEAR LINEAR LINEAR LINEAR LINEAR LINEAR LINEAR LINEAR
LINEAR LINEAR LINEAR LINEAR LINEAR LINEAR LINEAR LINEAR LINEAR LINEAR LINEAR LINEAR
LINEAR LINEAR LINEAR LINEAR LINEAR LINEAR LINEAR LINEAR LINEAR LINEAR LINEAR LINEAR
LINEAR LINEAR LINEAR LINEAR LINEAR LINEAR LINEAR LINEAR LINEAR LINEAR LINEAR LINEAR
LINEAR LINEAR LINEAR LINEAR LINEAR LINEAR LINEAR LINEAR LINEAR LINEAR LINEAR LINEAR
LINEAR LINEAR LINEAR LINEAR LINEAR LINEAR LINEAR LINEAR LINEAR LINEAR LINEAR LINEAR
LINEAR LINEAR LINEAR LINEAR LINEAR LINEAR LINEAR LINEAR LINEAR LINEAR LINEAR LINEAR
LINEAR LINEAR</Name_array><technique_common><accessor source="#Spine_00_jnt-Interpolations-array" count="85"><param type="name"/></accessor></technique_common></source><sampler id="Spine_00_jnt-Matrix-animation-transform"><input semantic="INPUT" source="#Spine_00_jnt-Matrix-animation-input"/><input semantic="OUTPUT" source="#Spine_00_jnt-Matrix-animation-output-transform"/><input semantic="INTERPOLATION" source="#Spine_00_jnt-Interpolations"/></sampler><channel source="#Spine_00_jnt-Matrix-animation-transform" target="Spine_00_jnt/matrix"/></animation></animation>
  <animation id="Neck_FK_01_jnt-anim" name="Neck_FK_01_jnt"><animation><source id="Neck_FK_01_jnt-Matrix-animation-input"><float_array id="Neck_FK_01_jnt-Matrix-animation-input-array" count="85">

0.000000 0.033333 0.066667 0.100000 0.133333 0.166667 0.200000 0.233333 0.266667 0.300000 0.333333 0.366667 0.400000 0.433333 0.466667 0.500000
0.533333 0.566667 0.600000 0.633333 0.666667 0.700000 0.733333 0.766667 0.800000 0.833333 0.866667 0.900000 0.933333 0.966667 1.000000 1.033333
1.066667 1.100000 1.133333 1.166667 1.200000 1.233333 1.266667 1.300000 1.333333 1.366667 1.400000 1.433333 1.466667 1.500000 1.533333 1.566667
1.600000 1.633333 1.666667 1.700000 1.733333 1.766667 1.800000 1.833333 1.866667 1.900000 1.933333 1.966667 2.000000 2.033333 2.066667 2.100000
2.133333 2.166667 2.200000 2.233333 2.266667 2.300000 2.333333 2.366667 2.400000 2.433333 2.466667 2.500000 2.533333 2.566667 2.600000 2.633333
2.666667 2.700000 2.733333 2.766667 2.800000</float_array><technique_common><accessor source="#Neck_FK_01_jnt-Matrix-animation-input-array" count="85"><param name="TIME" type="float"/></accessor></technique_common></source><source id="Neck_FK_01_jnt-Matrix-animation-output-transform"><float_array id="Neck_FK_01_jnt-Matrix-animation-output-transform-array" count="1360">

1.000000 -0.000000 -0.000000 -0.000007 0.000000 0.727864 0.685721 -0.465477 -0.000000 -0.685721 0.727864 -36.488441 0.000000 0.000000 0.000000 1.000000
1.000000 -0.000000 -0.000000 -0.000007 0.000000 0.727429 0.686183 -0.465477 -0.000000 -0.686183 0.727429 -36.488441 0.000000 0.000000 0.000000 1.000000
1.000000 -0.000000 -0.000000 -0.000007 0.000000 0.726379 0.687294 -0.465477 -0.000000 -0.687294 0.726379 -36.488441 0.000000 0.000000 0.000000 1.000000
1.000000 -0.000000 -0.000000 -0.000007 0.000000 0.724823 0.688935 -0.465477 -0.000000 -0.688935 0.724823 -36.488441 0.000000 0.000000 0.000000 1.000000
1.000000 -0.000000 -0.000000 -0.000007 0.000000 0.722874 0.690980 -0.465477 -0.000000 -0.690980 0.722874 -36.488441 0.000000 0.000000 0.000000 1.000000
1.000000 -0.000000 -0.000000 -0.000007 0.000000 0.720654 0.693295 -0.465477 -0.000000 -0.693295 0.720654 -36.488441 0.000000 0.000000 0.000000 1.000000
1.000000 -0.000000 -0.000000 -0.000007 0.000000 0.718290 0.695744 -0.465477 -0.000000 -0.695744 0.718290 -36.488441 0.000000 0.000000 0.000000 1.000000
1.000000 -0.000000 -0.000000 -0.000007 0.000000 0.715964 0.698137 -0.465477 -0.000000 -0.698137 0.715964 -36.488441 0.000000 0.000000 0.000000 1.000000
1.000000 -0.000000 -0.000000 -0.000007 0.000000 0.713828 0.700321 -0.465477 -0.000000 -0.700321 0.713828 -36.488441 0.000000 0.000000 0.000000 1.000000
1.000000 -0.000000 -0.000000 -0.000007 0.000000 0.711994 0.702186 -0.465477 -0.000000 -0.702186 0.711994 -36.488441 0.000000 0.000000 0.000000 1.000000
1.000000 -0.000000 -0.000000 -0.000007 0.000000 0.710560 0.703637 -0.465477 -0.000000 -0.703637 0.710560 -36.488441 0.000000 0.000000 0.000000 1.000000
1.000000 -0.000000 -0.000000 -0.000007 0.000000 0.709614 0.704590 -0.465477 -0.000000 -0.704590 0.709614 -36.488441 0.000000 0.000000 0.000000 1.000000
1.000000 -0.000000 -0.000000 -0.000007 0.000000 0.709230 0.704977 -0.465477 -0.000000 -0.704977 0.709230 -36.488441 0.000000 0.000000 0.000000 1.000000
0.999971 -0.006325 -0.004253 -0.000007 0.007486 0.710187 0.703974 -0.465477 -0.001432 -0.703985 0.710213 -36.488441 0.000000 0.000000 0.000000 1.000000
0.999678 -0.021087 -0.014146 -0.000007 0.024950 0.712158 0.701576 -0.465477 -0.004720 -0.701702 0.712454 -36.488441 0.000000 0.000000 0.000000 1.000000
0.998684 -0.042647 -0.028492 -0.000007 0.050419 0.714402 0.697916 -0.465477 -0.009409 -0.698434 0.715612 -36.488441 0.000000 0.000000 0.000000 1.000000
0.996511 -0.069506 -0.046195 -0.000007 0.082081 0.716165 0.693088 -0.465477 -0.015090 -0.694461 0.719372 -36.488441 0.000000 0.000000 0.000000 1.000000
0.992754 -0.100252 -0.066255 -0.000007 0.118247 0.716791 0.687189 -0.465477 -0.021401 -0.690043 0.723451 -36.488441 0.000000 0.000000 0.000000 1.000000
0.987150 -0.133538 -0.087769 -0.000007 0.157322 0.715800 0.680353 -0.465477 -0.028028 -0.685418 0.727610 -36.488441 0.000000 0.000000 0.000000 1.000000
0.979654 -0.167928 -0.109903 -0.000007 0.197683 0.712886 0.672841 -0.465477 -0.034640 -0.680877 0.731578 -36.488441 0.000000 0.000000 0.000000 1.000000
0.970594 -0.201651 -0.131472 -0.000007 0.237209 0.708201 0.664968 -0.465477 -0.040983 -0.676600 0.735209 -36.488441 0.000000 0.000000 0.000000 1.000000
0.960406 -0.233606 -0.151820 -0.000007 0.274630 0.702068 0.657023 -0.465477 -0.046897 -0.672703 0.738425 -36.488441 0.000000 0.000000 0.000000 1.000000
0.949706 -0.262760 -0.170341 -0.000007 0.308756 0.694998 0.649344 -0.465477 -0.052235 -0.669279 0.741173 -36.488441 0.000000 0.000000 0.000000 1.000000
0.939253 -0.288155 -0.186468 -0.000007 0.338483 0.687657 0.642306 -0.465477 -0.056858 -0.666404 0.743420 -36.488441 0.000000 0.000000 0.000000 1.000000
0.929902 -0.308900 -0.199658 -0.000007 0.362776 0.680811 0.636309 -0.465477 -0.060627 -0.664136 0.745150 -36.488441 0.000000 0.000000 0.000000 1.000000
0.923395 -0.322429 -0.208282 -0.000007 0.378632 0.675915 0.632279 -0.465477 -0.063084 -0.662706 0.746218 -36.488441 0.000000 0.000000 0.000000 1.000000
0.920116 -0.329002 -0.212472 -0.000007 0.386335 0.673419 0.630280 -0.465477 -0.064281 -0.662016 0.746728 -36.488441 0.000000 0.000000 0.000000 1.000000
0.920106 -0.329021 -0.212487 -0.000007 0.386360 0.673423 0.630260 -0.465477 -0.064275 -0.662002 0.746741 -36.488441 0.000000 0.000000 0.000000 1.000000
0.922882 -0.323463 -0.208952 -0.000007 0.379857 0.675583 0.631900 -0.465477 -0.063232 -0.662541 0.746352 -36.488441 0.000000 0.000000 0.000000 1.000000
0.927809 -0.313317 -0.202494 -0.000007 0.367981 0.679404 0.634823 -0.465477 -0.061325 -0.663508 0.745652 -36.488441 0.000000 0.000000 0.000000 1.000000
0.934450 -0.299012 -0.193381 -0.000007 0.351235 0.684521 0.638800 -0.465477 -0.058636 -0.664848 0.744673 -36.488441 0.000000 0.000000 0.000000 1.000000
0.942599 -0.280313 -0.181471 -0.000007 0.329349 0.690729 0.643756 -0.465477 -0.055106 -0.666571 0.743402 -36.488441 0.000000 0.000000 0.000000 1.000000
0.951279 -0.258728 -0.167714 -0.000007 0.304080 0.697230 0.649158 -0.465477 -0.051020 -0.668529 0.741934 -36.488441 0.000000 0.000000 0.000000 1.000000
0.960031 -0.234755 -0.152417 -0.000007 0.276011 0.703634 0.654765 -0.465477 -0.046464 -0.670664 0.740305 -36.488441 0.000000 0.000000 0.000000 1.000000
0.968447 -0.208912 -0.135893 -0.000007 0.245737 0.709607 0.660357 -0.465477 -0.041525 -0.672915 0.738553 -36.488441 0.000000 0.000000 0.000000 1.000000
0.976188 -0.181724 -0.118462 -0.000007 0.213869 0.714883 0.665735 -0.465477 -0.036294 -0.675218 0.736725 -36.488441 0.000000 0.000000 0.000000 1.000000
0.982995 -0.153723 -0.100446 -0.000007 0.181020 0.719275 0.670727 -0.465477 -0.030858 -0.677504 0.734871 -36.488441 0.000000 0.000000 0.000000 1.000000
0.988667 -0.125573 -0.082276 -0.000007 0.147976 0.722703 0.675132 -0.465477 -0.025317 -0.679655 0.733095 -36.488441 0.000000 0.000000 0.000000 1.000000
0.993115 -0.097902 -0.064324 -0.000007 0.115455 0.725153 0.678840 -0.465477 -0.019815 -0.681592 0.731464 -36.488441 0.000000 0.000000 0.000000 1.000000
0.996364 -0.071141 -0.046869 -0.000007 0.083960 0.726720 0.681783 -0.465477 -0.014442 -0.683240 0.730051 -36.488441 0.000000 0.000000 0.000000 1.000000
0.998500 -0.045680 -0.030171 -0.000007 0.053950 0.727558 0.683921 -0.465477 -0.009290 -0.684523 0.728932 -36.488441 0.000000 0.000000 0.000000 1.000000
0.999656 -0.021865 -0.014474 -0.000007 0.025841 0.727864 0.685235 -0.465477 -0.004447 -0.685373 0.728178 -36.488441 0.000000 0.000000 0.000000 1.000000
1.000000 -0.000000 -0.000000 -0.000007 0.000000 0.727864 0.685721 -0.465477 -0.000000 -0.685721 0.727864 -36.488441 0.000000 0.000000 0.000000 1.000000
0.999655 0.021862 0.014543 -0.000007 -0.025887 0.727775 0.685327 -0.465477 0.004399 -0.685467 0.728090 -36.488441 0.000000 0.000000 0.000000 1.000000
0.998505 0.045497 0.030300 -0.000007 -0.053901 0.727228 0.684277 -0.465477 0.009098 -0.684887 0.728593 -36.488441 0.000000 0.000000 0.000000 1.000000
0.996408 0.070472 0.046964 -0.000007 -0.083521 0.726013 0.682590 -0.465477 0.014007 -0.684061 0.729291 -36.488441 0.000000 0.000000 0.000000 1.000000
0.993270 0.096369 0.064249 -0.000007 -0.114246 0.723976 0.680299 -0.465477 0.019045 -0.683061 0.730113 -36.488441 0.000000 0.000000 0.000000 1.000000
0.989048 0.122792 0.081887 -0.000007 -0.145604 0.721018 0.677446 -0.465477 0.024143 -0.681950 0.731000 -36.488441 0.000000 0.000000 0.000000 1.000000
0.983750 0.149362 0.099634 -0.000007 -0.177147 0.717095 0.674087 -0.465477 0.029236 -0.680783 0.731901 -36.488441 0.000000 0.000000 0.000000 1.000000
